Original State
3 4 8
5 7 2
6 0 1
------------------------------

Move: up
3 4 8
5 0 2
6 7 1
------------------------------

Move: up
3 0 8
5 4 2
6 7 1
------------------------------

Move: left
0 3 8
5 4 2
6 7 1
------------------------------

Move: down
5 3 8
0 4 2
6 7 1
------------------------------

Move: right
5 3 8
4 0 2
6 7 1
------------------------------

Move: right
5 3 8
4 2 0
6 7 1
------------------------------

Move: down
5 3 8
4 2 1
6 7 0
------------------------------

Move: left
5 3 8
4 2 1
6 0 7
------------------------------

Move: up
5 3 8
4 0 1
6 2 7
------------------------------

Move: right
5 3 8
4 1 0
6 2 7
------------------------------

Move: up
5 3 0
4 1 8
6 2 7
------------------------------

Move: left
5 0 3
4 1 8
6 2 7
------------------------------

Move: down
5 1 3
4 0 8
6 2 7
------------------------------

Move: down
5 1 3
4 2 8
6 0 7
------------------------------

Move: left
5 1 3
4 2 8
0 6 7
------------------------------

Move: up
5 1 3
0 2 8
4 6 7
------------------------------

Move: up
0 1 3
5 2 8
4 6 7
------------------------------

Move: right
1 0 3
5 2 8
4 6 7
------------------------------

Move: down
1 2 3
5 0 8
4 6 7
------------------------------

Move: down
1 2 3
5 6 8
4 0 7
------------------------------

Move: right
1 2 3
5 6 8
4 7 0
------------------------------

Move: up
1 2 3
5 6 0
4 7 8
------------------------------

Move: left
1 2 3
5 0 6
4 7 8
------------------------------

Move: left
1 2 3
0 5 6
4 7 8
------------------------------

Move: down
1 2 3
4 5 6
0 7 8
------------------------------

Move: right
1 2 3
4 5 6
7 0 8
------------------------------

Move: right
1 2 3
4 5 6
7 8 0
------------------------------

