Original State
7 5 8
0 6 4
3 1 2
------------------------------

Move: up
0 5 8
7 6 4
3 1 2
------------------------------

Move: right
5 0 8
7 6 4
3 1 2
------------------------------

Move: down
5 6 8
7 0 4
3 1 2
------------------------------

Move: down
5 6 8
7 1 4
3 0 2
------------------------------

Move: left
5 6 8
7 1 4
0 3 2
------------------------------

Move: up
5 6 8
0 1 4
7 3 2
------------------------------

Move: right
5 6 8
1 0 4
7 3 2
------------------------------

Move: up
5 0 8
1 6 4
7 3 2
------------------------------

Move: right
5 8 0
1 6 4
7 3 2
------------------------------

Move: down
5 8 4
1 6 0
7 3 2
------------------------------

Move: down
5 8 4
1 6 2
7 3 0
------------------------------

Move: left
5 8 4
1 6 2
7 0 3
------------------------------

Move: up
5 8 4
1 0 2
7 6 3
------------------------------

Move: up
5 0 4
1 8 2
7 6 3
------------------------------

Move: right
5 4 0
1 8 2
7 6 3
------------------------------

Move: down
5 4 2
1 8 0
7 6 3
------------------------------

Move: down
5 4 2
1 8 3
7 6 0
------------------------------

Move: left
5 4 2
1 8 3
7 0 6
------------------------------

Move: up
5 4 2
1 0 3
7 8 6
------------------------------

Move: up
5 0 2
1 4 3
7 8 6
------------------------------

Move: left
0 5 2
1 4 3
7 8 6
------------------------------

Move: down
1 5 2
0 4 3
7 8 6
------------------------------

Move: right
1 5 2
4 0 3
7 8 6
------------------------------

Move: up
1 0 2
4 5 3
7 8 6
------------------------------

Move: right
1 2 0
4 5 3
7 8 6
------------------------------

Move: down
1 2 3
4 5 0
7 8 6
------------------------------

Move: down
1 2 3
4 5 6
7 8 0
------------------------------

