Original State
0 2 8
1 5 6
7 4 3
------------------------------

Move: right
2 0 8
1 5 6
7 4 3
------------------------------

Move: down
2 5 8
1 0 6
7 4 3
------------------------------

Move: right
2 5 8
1 6 0
7 4 3
------------------------------

Move: down
2 5 8
1 6 3
7 4 0
------------------------------

Move: left
2 5 8
1 6 3
7 0 4
------------------------------

Move: up
2 5 8
1 0 3
7 6 4
------------------------------

Move: right
2 5 8
1 3 0
7 6 4
------------------------------

Move: up
2 5 0
1 3 8
7 6 4
------------------------------

Move: left
2 0 5
1 3 8
7 6 4
------------------------------

Move: down
2 3 5
1 0 8
7 6 4
------------------------------

Move: right
2 3 5
1 8 0
7 6 4
------------------------------

Move: down
2 3 5
1 8 4
7 6 0
------------------------------

Move: left
2 3 5
1 8 4
7 0 6
------------------------------

Move: up
2 3 5
1 0 4
7 8 6
------------------------------

Move: right
2 3 5
1 4 0
7 8 6
------------------------------

Move: up
2 3 0
1 4 5
7 8 6
------------------------------

Move: left
2 0 3
1 4 5
7 8 6
------------------------------

Move: left
0 2 3
1 4 5
7 8 6
------------------------------

Move: down
1 2 3
0 4 5
7 8 6
------------------------------

Move: right
1 2 3
4 0 5
7 8 6
------------------------------

Move: right
1 2 3
4 5 0
7 8 6
------------------------------

Move: down
1 2 3
4 5 6
7 8 0
------------------------------

