Original State
6 4 7
5 1 3
2 8 0
------------------------------

Move: left
6 4 7
5 1 3
2 0 8
------------------------------

Move: up
6 4 7
5 0 3
2 1 8
------------------------------

Move: up
6 0 7
5 4 3
2 1 8
------------------------------

Move: left
0 6 7
5 4 3
2 1 8
------------------------------

Move: down
5 6 7
0 4 3
2 1 8
------------------------------

Move: down
5 6 7
2 4 3
0 1 8
------------------------------

Move: right
5 6 7
2 4 3
1 0 8
------------------------------

Move: up
5 6 7
2 0 3
1 4 8
------------------------------

Move: up
5 0 7
2 6 3
1 4 8
------------------------------

Move: right
5 7 0
2 6 3
1 4 8
------------------------------

Move: down
5 7 3
2 6 0
1 4 8
------------------------------

Move: left
5 7 3
2 0 6
1 4 8
------------------------------

Move: up
5 0 3
2 7 6
1 4 8
------------------------------

Move: left
0 5 3
2 7 6
1 4 8
------------------------------

Move: down
2 5 3
0 7 6
1 4 8
------------------------------

Move: down
2 5 3
1 7 6
0 4 8
------------------------------

Move: right
2 5 3
1 7 6
4 0 8
------------------------------

Move: up
2 5 3
1 0 6
4 7 8
------------------------------

Move: up
2 0 3
1 5 6
4 7 8
------------------------------

Move: left
0 2 3
1 5 6
4 7 8
------------------------------

Move: down
1 2 3
0 5 6
4 7 8
------------------------------

Move: down
1 2 3
4 5 6
0 7 8
------------------------------

Move: right
1 2 3
4 5 6
7 0 8
------------------------------

Move: right
1 2 3
4 5 6
7 8 0
------------------------------

