Original State
6 0 2
8 3 5
1 4 7
------------------------------

Move: down
6 3 2
8 0 5
1 4 7
------------------------------

Move: left
6 3 2
0 8 5
1 4 7
------------------------------

Move: down
6 3 2
1 8 5
0 4 7
------------------------------

Move: right
6 3 2
1 8 5
4 0 7
------------------------------

Move: right
6 3 2
1 8 5
4 7 0
------------------------------

Move: up
6 3 2
1 8 0
4 7 5
------------------------------

Move: left
6 3 2
1 0 8
4 7 5
------------------------------

Move: up
6 0 2
1 3 8
4 7 5
------------------------------

Move: left
0 6 2
1 3 8
4 7 5
------------------------------

Move: down
1 6 2
0 3 8
4 7 5
------------------------------

Move: down
1 6 2
4 3 8
0 7 5
------------------------------

Move: right
1 6 2
4 3 8
7 0 5
------------------------------

Move: right
1 6 2
4 3 8
7 5 0
------------------------------

Move: up
1 6 2
4 3 0
7 5 8
------------------------------

Move: left
1 6 2
4 0 3
7 5 8
------------------------------

Move: up
1 0 2
4 6 3
7 5 8
------------------------------

Move: right
1 2 0
4 6 3
7 5 8
------------------------------

Move: down
1 2 3
4 6 0
7 5 8
------------------------------

Move: left
1 2 3
4 0 6
7 5 8
------------------------------

Move: down
1 2 3
4 5 6
7 0 8
------------------------------

Move: right
1 2 3
4 5 6
7 8 0
------------------------------

