Original State
7 4 2
6 0 5
8 3 1
------------------------------

Goal State
1 2 3
4 5 6
7 8 0
------------------------------

Move: down
7 4 2
6 3 5
8 0 1
------------------------------

Move: right
7 4 2
6 3 5
8 1 0
------------------------------

Move: up
7 4 2
6 3 0
8 1 5
------------------------------

Move: left
7 4 2
6 0 3
8 1 5
------------------------------

Move: down
7 4 2
6 1 3
8 0 5
------------------------------

Move: left
7 4 2
6 1 3
0 8 5
------------------------------

Move: up
7 4 2
0 1 3
6 8 5
------------------------------

Move: up
0 4 2
7 1 3
6 8 5
------------------------------

Move: right
4 0 2
7 1 3
6 8 5
------------------------------

Move: down
4 1 2
7 0 3
6 8 5
------------------------------

Move: down
4 1 2
7 8 3
6 0 5
------------------------------

Move: left
4 1 2
7 8 3
0 6 5
------------------------------

Move: up
4 1 2
0 8 3
7 6 5
------------------------------

Move: up
0 1 2
4 8 3
7 6 5
------------------------------

Move: right
1 0 2
4 8 3
7 6 5
------------------------------

Move: right
1 2 0
4 8 3
7 6 5
------------------------------

Move: down
1 2 3
4 8 0
7 6 5
------------------------------

Move: down
1 2 3
4 8 5
7 6 0
------------------------------

Move: left
1 2 3
4 8 5
7 0 6
------------------------------

Move: up
1 2 3
4 0 5
7 8 6
------------------------------

Move: right
1 2 3
4 5 0
7 8 6
------------------------------

Move: down
1 2 3
4 5 6
7 8 0
------------------------------

