Original State
1 6 7
2 3 5
0 8 4
------------------------------

Move: right
1 6 7
2 3 5
8 0 4
------------------------------

Move: right
1 6 7
2 3 5
8 4 0
------------------------------

Move: up
1 6 7
2 3 0
8 4 5
------------------------------

Move: up
1 6 0
2 3 7
8 4 5
------------------------------

Move: left
1 0 6
2 3 7
8 4 5
------------------------------

Move: down
1 3 6
2 0 7
8 4 5
------------------------------

Move: left
1 3 6
0 2 7
8 4 5
------------------------------

Move: down
1 3 6
8 2 7
0 4 5
------------------------------

Move: right
1 3 6
8 2 7
4 0 5
------------------------------

Move: right
1 3 6
8 2 7
4 5 0
------------------------------

Move: up
1 3 6
8 2 0
4 5 7
------------------------------

Move: up
1 3 0
8 2 6
4 5 7
------------------------------

Move: left
1 0 3
8 2 6
4 5 7
------------------------------

Move: down
1 2 3
8 0 6
4 5 7
------------------------------

Move: down
1 2 3
8 5 6
4 0 7
------------------------------

Move: right
1 2 3
8 5 6
4 7 0
------------------------------

Move: up
1 2 3
8 5 0
4 7 6
------------------------------

Move: left
1 2 3
8 0 5
4 7 6
------------------------------

Move: left
1 2 3
0 8 5
4 7 6
------------------------------

Move: down
1 2 3
4 8 5
0 7 6
------------------------------

Move: right
1 2 3
4 8 5
7 0 6
------------------------------

Move: up
1 2 3
4 0 5
7 8 6
------------------------------

Move: right
1 2 3
4 5 0
7 8 6
------------------------------

Move: down
1 2 3
4 5 6
7 8 0
------------------------------

