Original State
3 0 2
5 6 8
1 4 7
------------------------------

Goal State
1 2 3
4 5 6
7 8 0
------------------------------

Move: down
3 6 2
5 0 8
1 4 7
------------------------------

Move: left
3 6 2
0 5 8
1 4 7
------------------------------

Move: down
3 6 2
1 5 8
0 4 7
------------------------------

Move: right
3 6 2
1 5 8
4 0 7
------------------------------

Move: right
3 6 2
1 5 8
4 7 0
------------------------------

Move: up
3 6 2
1 5 0
4 7 8
------------------------------

Move: up
3 6 0
1 5 2
4 7 8
------------------------------

Move: left
3 0 6
1 5 2
4 7 8
------------------------------

Move: left
0 3 6
1 5 2
4 7 8
------------------------------

Move: down
1 3 6
0 5 2
4 7 8
------------------------------

Move: down
1 3 6
4 5 2
0 7 8
------------------------------

Move: right
1 3 6
4 5 2
7 0 8
------------------------------

Move: up
1 3 6
4 0 2
7 5 8
------------------------------

Move: right
1 3 6
4 2 0
7 5 8
------------------------------

Move: up
1 3 0
4 2 6
7 5 8
------------------------------

Move: left
1 0 3
4 2 6
7 5 8
------------------------------

Move: down
1 2 3
4 0 6
7 5 8
------------------------------

Move: down
1 2 3
4 5 6
7 0 8
------------------------------

Move: right
1 2 3
4 5 6
7 8 0
------------------------------

