Original State
7 3 2
5 0 8
4 6 1
------------------------------

Move: right
7 3 2
5 8 0
4 6 1
------------------------------

Move: down
7 3 2
5 8 1
4 6 0
------------------------------

Move: left
7 3 2
5 8 1
4 0 6
------------------------------

Move: up
7 3 2
5 0 1
4 8 6
------------------------------

Move: right
7 3 2
5 1 0
4 8 6
------------------------------

Move: up
7 3 0
5 1 2
4 8 6
------------------------------

Move: left
7 0 3
5 1 2
4 8 6
------------------------------

Move: down
7 1 3
5 0 2
4 8 6
------------------------------

Move: right
7 1 3
5 2 0
4 8 6
------------------------------

Move: down
7 1 3
5 2 6
4 8 0
------------------------------

Move: left
7 1 3
5 2 6
4 0 8
------------------------------

Move: left
7 1 3
5 2 6
0 4 8
------------------------------

Move: up
7 1 3
0 2 6
5 4 8
------------------------------

Move: up
0 1 3
7 2 6
5 4 8
------------------------------

Move: right
1 0 3
7 2 6
5 4 8
------------------------------

Move: down
1 2 3
7 0 6
5 4 8
------------------------------

Move: down
1 2 3
7 4 6
5 0 8
------------------------------

Move: left
1 2 3
7 4 6
0 5 8
------------------------------

Move: up
1 2 3
0 4 6
7 5 8
------------------------------

Move: right
1 2 3
4 0 6
7 5 8
------------------------------

Move: down
1 2 3
4 5 6
7 0 8
------------------------------

Move: right
1 2 3
4 5 6
7 8 0
------------------------------

