Original State
7 8 1
5 0 6
2 3 4
------------------------------

Move: up
7 0 1
5 8 6
2 3 4
------------------------------

Move: right
7 1 0
5 8 6
2 3 4
------------------------------

Move: down
7 1 6
5 8 0
2 3 4
------------------------------

Move: left
7 1 6
5 0 8
2 3 4
------------------------------

Move: down
7 1 6
5 3 8
2 0 4
------------------------------

Move: left
7 1 6
5 3 8
0 2 4
------------------------------

Move: up
7 1 6
0 3 8
5 2 4
------------------------------

Move: up
0 1 6
7 3 8
5 2 4
------------------------------

Move: right
1 0 6
7 3 8
5 2 4
------------------------------

Move: down
1 3 6
7 0 8
5 2 4
------------------------------

Move: down
1 3 6
7 2 8
5 0 4
------------------------------

Move: right
1 3 6
7 2 8
5 4 0
------------------------------

Move: up
1 3 6
7 2 0
5 4 8
------------------------------

Move: up
1 3 0
7 2 6
5 4 8
------------------------------

Move: left
1 0 3
7 2 6
5 4 8
------------------------------

Move: down
1 2 3
7 0 6
5 4 8
------------------------------

Move: down
1 2 3
7 4 6
5 0 8
------------------------------

Move: left
1 2 3
7 4 6
0 5 8
------------------------------

Move: up
1 2 3
0 4 6
7 5 8
------------------------------

Move: right
1 2 3
4 0 6
7 5 8
------------------------------

Move: down
1 2 3
4 5 6
7 0 8
------------------------------

Move: right
1 2 3
4 5 6
7 8 0
------------------------------

