Original State
4 6 8
0 1 5
2 3 7
------------------------------

Move: right
4 6 8
1 0 5
2 3 7
------------------------------

Move: down
4 6 8
1 3 5
2 0 7
------------------------------

Move: right
4 6 8
1 3 5
2 7 0
------------------------------

Move: up
4 6 8
1 3 0
2 7 5
------------------------------

Move: up
4 6 0
1 3 8
2 7 5
------------------------------

Move: left
4 0 6
1 3 8
2 7 5
------------------------------

Move: down
4 3 6
1 0 8
2 7 5
------------------------------

Move: left
4 3 6
0 1 8
2 7 5
------------------------------

Move: down
4 3 6
2 1 8
0 7 5
------------------------------

Move: right
4 3 6
2 1 8
7 0 5
------------------------------

Move: right
4 3 6
2 1 8
7 5 0
------------------------------

Move: up
4 3 6
2 1 0
7 5 8
------------------------------

Move: up
4 3 0
2 1 6
7 5 8
------------------------------

Move: left
4 0 3
2 1 6
7 5 8
------------------------------

Move: down
4 1 3
2 0 6
7 5 8
------------------------------

Move: left
4 1 3
0 2 6
7 5 8
------------------------------

Move: up
0 1 3
4 2 6
7 5 8
------------------------------

Move: right
1 0 3
4 2 6
7 5 8
------------------------------

Move: down
1 2 3
4 0 6
7 5 8
------------------------------

Move: down
1 2 3
4 5 6
7 0 8
------------------------------

Move: right
1 2 3
4 5 6
7 8 0
------------------------------

