Original State
0 6 8
5 4 3
2 7 1
------------------------------

Move: down
5 6 8
0 4 3
2 7 1
------------------------------

Move: down
5 6 8
2 4 3
0 7 1
------------------------------

Move: right
5 6 8
2 4 3
7 0 1
------------------------------

Move: up
5 6 8
2 0 3
7 4 1
------------------------------

Move: right
5 6 8
2 3 0
7 4 1
------------------------------

Move: up
5 6 0
2 3 8
7 4 1
------------------------------

Move: left
5 0 6
2 3 8
7 4 1
------------------------------

Move: down
5 3 6
2 0 8
7 4 1
------------------------------

Move: down
5 3 6
2 4 8
7 0 1
------------------------------

Move: right
5 3 6
2 4 8
7 1 0
------------------------------

Move: up
5 3 6
2 4 0
7 1 8
------------------------------

Move: up
5 3 0
2 4 6
7 1 8
------------------------------

Move: left
5 0 3
2 4 6
7 1 8
------------------------------

Move: left
0 5 3
2 4 6
7 1 8
------------------------------

Move: down
2 5 3
0 4 6
7 1 8
------------------------------

Move: right
2 5 3
4 0 6
7 1 8
------------------------------

Move: down
2 5 3
4 1 6
7 0 8
------------------------------

Move: left
2 5 3
4 1 6
0 7 8
------------------------------

Move: up
2 5 3
0 1 6
4 7 8
------------------------------

Move: right
2 5 3
1 0 6
4 7 8
------------------------------

Move: up
2 0 3
1 5 6
4 7 8
------------------------------

Move: left
0 2 3
1 5 6
4 7 8
------------------------------

Move: down
1 2 3
0 5 6
4 7 8
------------------------------

Move: down
1 2 3
4 5 6
0 7 8
------------------------------

Move: right
1 2 3
4 5 6
7 0 8
------------------------------

Move: right
1 2 3
4 5 6
7 8 0
------------------------------

