Original State
1 8 6
4 3 0
2 7 5
------------------------------

Move: up
1 8 0
4 3 6
2 7 5
------------------------------

Move: left
1 0 8
4 3 6
2 7 5
------------------------------

Move: down
1 3 8
4 0 6
2 7 5
------------------------------

Move: right
1 3 8
4 6 0
2 7 5
------------------------------

Move: up
1 3 0
4 6 8
2 7 5
------------------------------

Move: left
1 0 3
4 6 8
2 7 5
------------------------------

Move: left
0 1 3
4 6 8
2 7 5
------------------------------

Move: down
4 1 3
0 6 8
2 7 5
------------------------------

Move: down
4 1 3
2 6 8
0 7 5
------------------------------

Move: right
4 1 3
2 6 8
7 0 5
------------------------------

Move: right
4 1 3
2 6 8
7 5 0
------------------------------

Move: up
4 1 3
2 6 0
7 5 8
------------------------------

Move: left
4 1 3
2 0 6
7 5 8
------------------------------

Move: left
4 1 3
0 2 6
7 5 8
------------------------------

Move: up
0 1 3
4 2 6
7 5 8
------------------------------

Move: right
1 0 3
4 2 6
7 5 8
------------------------------

Move: down
1 2 3
4 0 6
7 5 8
------------------------------

Move: down
1 2 3
4 5 6
7 0 8
------------------------------

Move: right
1 2 3
4 5 6
7 8 0
------------------------------

