Original State
6 5 0
3 8 2
1 4 7
------------------------------

Move: down
6 5 2
3 8 0
1 4 7
------------------------------

Move: left
6 5 2
3 0 8
1 4 7
------------------------------

Move: left
6 5 2
0 3 8
1 4 7
------------------------------

Move: down
6 5 2
1 3 8
0 4 7
------------------------------

Move: right
6 5 2
1 3 8
4 0 7
------------------------------

Move: right
6 5 2
1 3 8
4 7 0
------------------------------

Move: up
6 5 2
1 3 0
4 7 8
------------------------------

Move: left
6 5 2
1 0 3
4 7 8
------------------------------

Move: up
6 0 2
1 5 3
4 7 8
------------------------------

Move: left
0 6 2
1 5 3
4 7 8
------------------------------

Move: down
1 6 2
0 5 3
4 7 8
------------------------------

Move: down
1 6 2
4 5 3
0 7 8
------------------------------

Move: right
1 6 2
4 5 3
7 0 8
------------------------------

Move: up
1 6 2
4 0 3
7 5 8
------------------------------

Move: up
1 0 2
4 6 3
7 5 8
------------------------------

Move: right
1 2 0
4 6 3
7 5 8
------------------------------

Move: down
1 2 3
4 6 0
7 5 8
------------------------------

Move: left
1 2 3
4 0 6
7 5 8
------------------------------

Move: down
1 2 3
4 5 6
7 0 8
------------------------------

Move: right
1 2 3
4 5 6
7 8 0
------------------------------

