Original State
7 2 0
6 8 3
5 1 4
------------------------------

Move: down
7 2 3
6 8 0
5 1 4
------------------------------

Move: left
7 2 3
6 0 8
5 1 4
------------------------------

Move: down
7 2 3
6 1 8
5 0 4
------------------------------

Move: right
7 2 3
6 1 8
5 4 0
------------------------------

Move: up
7 2 3
6 1 0
5 4 8
------------------------------

Move: up
7 2 0
6 1 3
5 4 8
------------------------------

Move: left
7 0 2
6 1 3
5 4 8
------------------------------

Move: down
7 1 2
6 0 3
5 4 8
------------------------------

Move: left
7 1 2
0 6 3
5 4 8
------------------------------

Move: up
0 1 2
7 6 3
5 4 8
------------------------------

Move: right
1 0 2
7 6 3
5 4 8
------------------------------

Move: right
1 2 0
7 6 3
5 4 8
------------------------------

Move: down
1 2 3
7 6 0
5 4 8
------------------------------

Move: left
1 2 3
7 0 6
5 4 8
------------------------------

Move: down
1 2 3
7 4 6
5 0 8
------------------------------

Move: left
1 2 3
7 4 6
0 5 8
------------------------------

Move: up
1 2 3
0 4 6
7 5 8
------------------------------

Move: right
1 2 3
4 0 6
7 5 8
------------------------------

Move: down
1 2 3
4 5 6
7 0 8
------------------------------

Move: right
1 2 3
4 5 6
7 8 0
------------------------------

