Original State
3 5 0
4 1 8
6 7 2
------------------------------

Move: down
3 5 8
4 1 0
6 7 2
------------------------------

Move: down
3 5 8
4 1 2
6 7 0
------------------------------

Move: left
3 5 8
4 1 2
6 0 7
------------------------------

Move: left
3 5 8
4 1 2
0 6 7
------------------------------

Move: up
3 5 8
0 1 2
4 6 7
------------------------------

Move: right
3 5 8
1 0 2
4 6 7
------------------------------

Move: up
3 0 8
1 5 2
4 6 7
------------------------------

Move: left
0 3 8
1 5 2
4 6 7
------------------------------

Move: down
1 3 8
0 5 2
4 6 7
------------------------------

Move: right
1 3 8
5 0 2
4 6 7
------------------------------

Move: right
1 3 8
5 2 0
4 6 7
------------------------------

Move: up
1 3 0
5 2 8
4 6 7
------------------------------

Move: left
1 0 3
5 2 8
4 6 7
------------------------------

Move: down
1 2 3
5 0 8
4 6 7
------------------------------

Move: down
1 2 3
5 6 8
4 0 7
------------------------------

Move: right
1 2 3
5 6 8
4 7 0
------------------------------

Move: up
1 2 3
5 6 0
4 7 8
------------------------------

Move: left
1 2 3
5 0 6
4 7 8
------------------------------

Move: left
1 2 3
0 5 6
4 7 8
------------------------------

Move: down
1 2 3
4 5 6
0 7 8
------------------------------

Move: right
1 2 3
4 5 6
7 0 8
------------------------------

Move: right
1 2 3
4 5 6
7 8 0
------------------------------

