Original State
8 0 5
4 3 2
6 1 7
------------------------------

Move: right
8 5 0
4 3 2
6 1 7
------------------------------

Move: down
8 5 2
4 3 0
6 1 7
------------------------------

Move: left
8 5 2
4 0 3
6 1 7
------------------------------

Move: down
8 5 2
4 1 3
6 0 7
------------------------------

Move: left
8 5 2
4 1 3
0 6 7
------------------------------

Move: up
8 5 2
0 1 3
4 6 7
------------------------------

Move: up
0 5 2
8 1 3
4 6 7
------------------------------

Move: right
5 0 2
8 1 3
4 6 7
------------------------------

Move: down
5 1 2
8 0 3
4 6 7
------------------------------

Move: left
5 1 2
0 8 3
4 6 7
------------------------------

Move: up
0 1 2
5 8 3
4 6 7
------------------------------

Move: right
1 0 2
5 8 3
4 6 7
------------------------------

Move: right
1 2 0
5 8 3
4 6 7
------------------------------

Move: down
1 2 3
5 8 0
4 6 7
------------------------------

Move: left
1 2 3
5 0 8
4 6 7
------------------------------

Move: down
1 2 3
5 6 8
4 0 7
------------------------------

Move: right
1 2 3
5 6 8
4 7 0
------------------------------

Move: up
1 2 3
5 6 0
4 7 8
------------------------------

Move: left
1 2 3
5 0 6
4 7 8
------------------------------

Move: left
1 2 3
0 5 6
4 7 8
------------------------------

Move: down
1 2 3
4 5 6
0 7 8
------------------------------

Move: right
1 2 3
4 5 6
7 0 8
------------------------------

Move: right
1 2 3
4 5 6
7 8 0
------------------------------

