Original State
4 3 8
7 6 1
0 5 2
------------------------------

Move: right
4 3 8
7 6 1
5 0 2
------------------------------

Move: up
4 3 8
7 0 1
5 6 2
------------------------------

Move: right
4 3 8
7 1 0
5 6 2
------------------------------

Move: up
4 3 0
7 1 8
5 6 2
------------------------------

Move: left
4 0 3
7 1 8
5 6 2
------------------------------

Move: down
4 1 3
7 0 8
5 6 2
------------------------------

Move: down
4 1 3
7 6 8
5 0 2
------------------------------

Move: right
4 1 3
7 6 8
5 2 0
------------------------------

Move: up
4 1 3
7 6 0
5 2 8
------------------------------

Move: left
4 1 3
7 0 6
5 2 8
------------------------------

Move: down
4 1 3
7 2 6
5 0 8
------------------------------

Move: left
4 1 3
7 2 6
0 5 8
------------------------------

Move: up
4 1 3
0 2 6
7 5 8
------------------------------

Move: up
0 1 3
4 2 6
7 5 8
------------------------------

Move: right
1 0 3
4 2 6
7 5 8
------------------------------

Move: down
1 2 3
4 0 6
7 5 8
------------------------------

Move: down
1 2 3
4 5 6
7 0 8
------------------------------

Move: right
1 2 3
4 5 6
7 8 0
------------------------------

